130000
198801
200000
210000
230000
231000
300000
310000
312299
319000
320000
329000
330000
335301
337713
337721
341119
341751
352004
359000
360000
360001
360038
360135
360218
360450
363346
364093
364413
364515
364787
364883
364886
365106
365164
365222
365299
365538
365542
365638
369000
370000
370100
370240
370241
370242
370243
370245
370266
370276
370294
370700
370701
370702
370703
370704
370705
370706
370707
370708
370709
370710
370711
370712
370713
370714
370715
370716
370717
370718
370719
370720
370721
370722
370723
370724
370725
370726
370727
370728
370729
370730
370731
370732
370733
370734
370735
370736
370737
370738
370739
370740
370741
370742
370743
370744
370745
370746
370747
370748
370749
370750
370751
370752
370753
370754
370755
370756
370757
370758
370759
370760
370761
370762
370763
370764
370765
370766
370767
370768
370769
370770
370771
370772
370773
370774
370775
370776
370777
370778
370779
370780
370781
370782
370783
370784
370785
370786
370787
370788
370789
370790
370791
370792
370793
370794
370795
370796
370797
370798
370799
371010
371036
371042
371061
371066
371068
371069
371070
371074
371080
371083
371086
371087
371090
371103
371121
371123
371129
371167
371231
371239
371240
371241
371242
371243
371244
371245
371246
371260
371262
371263
371264
371265
371266
371267
371268
371269
371270
371271
371272
371273
371274
371275
371276
371277
371278
371279
371280
371281
371282
371283
371284
371285
371286
371287
371288
371289
371290
371291
371292
371293
371294
371295
371299
371300
371310
371311
371312
371313
371314
371315
371316
371317
371318
371319
371320
371321
371322
371323
371324
371325
371326
371327
371328
371329
371330
371331
371332
371333
371334
371335
371336
371337
371338
371339
371340
371341
371342
371343
371344
371345
371346
371347
371348
371349
371378
371380
371381
371382
371383
371384
371385
371386
371387
371388
371389
371406
371408
371418
371500
371501
371502
371503
371505
371506
371507
371508
371509
371510
371511
371512
371513
371514
371515
371516
371517
371518
371519
371520
371521
371523
371524
371525
371526
371528
371529
371530
371531
371532
371533
371534
371535
371536
371537
371538
371539
371540
371541
371542
371543
371544
371545
371546
371547
371548
371549
371550
371551
371552
371553
371554
371555
371556
371557
371558
371559
371560
371561
371562
371563
371564
371565
371566
371567
371568
371569
371570
371571
371572
371573
371574
371575
371576
371577
371578
371579
371580
371581
371589
371600
371690
371692
371693
371694
371695
371696
371699
371700
371701
371702
371703
371704
371705
371706
371707
371708
371709
371710
371711
371712
371713
371714
371715
371716
371717
371718
371719
371720
371721
371722
371723
371724
371725
371726
371727
371728
371729
371730
371731
371732
371733
371734
371735
371736
371737
371739
371740
371741
371742
371743
371744
371745
371746
371747
371748
371749
371750
371751
371752
371753
371754
371755
371756
371757
371758
371759
371772
371800
371874
371901
371909
371933
371939
371950
371951
371952
371953
371999
372010
372011
372017
372030
372038
372041
372042
372046
372047
372048
372052
372064
372065
372067
372069
372075
372076
372077
372079
372081
372084
372102
372103
372104
372105
372109
372120
372122
372123
372126
372127
372128
372129
372134
372153
372158
372163
372164
372166
372169
372172
372175
372179
372211
372217
372220
372239
372260
372261
372262
372263
372264
372265
372266
372267
372268
372269
372280
372281
372282
372283
372285
372286
372287
372288
372289
372310
372311
372312
372313
372314
372315
372316
372317
372318
372319
372320
372321
372322
372329
372340
372341
372342
372343
372344
372346
372347
372348
372349
372350
372351
372352
372353
372354
372356
372357
372358
372359
372360
372370
372371
372372
372373
372374
372375
372376
372377
372378
372379
372390
372391
372392
372393
372394
372395
372396
372397
372398
372399
372400
372406
372407
372414
372427
372445
372456
372464
372500
372501
372502
372503
372505
372506
372507
372508
372509
372520
372521
372522
372523
372524
372525
372526
372527
372528
372529
372530
372531
372532
372533
372534
372535
372536
372537
372538
372539
372540
372541
372542
372543
372544
372545
372551
372552
372553
372554
372555
372556
372557
372558
372559
372570
372571
372572
372573
372574
372575
372576
372577
372578
372579
372581
372582
372583
372585
372586
372588
372589
372600
372615
372650
372651
372652
372653
372654
372655
372656
372657
372658
372659
372675
372676
372680
372681
372682
372683
372684
372685
372686
372687
372688
372689
372690
372691
372694
372695
372696
372697
372698
372699
372700
372710
372711
372712
372713
372714
372715
372716
372717
372718
372720
372721
372723
372724
372729
372730
372731
372732
372733
372734
372735
372736
372738
372739
372740
372741
372745
372760
372761
372762
372763
372764
372765
372766
372767
372768
372769
372770
372774
372781
372782
372783
372784
372785
372786
372787
372788
372790
372791
372792
372793
372794
372795
372798
372800
372801
372802
372803
372805
372806
372807
372808
372809
372810
372811
372812
372813
372814
372815
372816
372817
372818
372819
372820
372821
372823
372824
372825
372826
372827
372828
372829
372830
372831
372832
372833
372835
372836
372837
372838
372839
372840
372841
372842
372843
372844
372845
372846
372847
372848
372849
372851
372852
372854
372855
372856
372857
372858
372859
372860
372861
372862
372863
372864
372865
372866
372867
372868
372869
372870
372871
372872
372873
372874
372875
372876
372877
372878
372879
372880
372881
372882
372883
372884
372885
372886
372887
372888
372889
372890
372891
372892
372893
372895
372896
372897
372898
372899
372900
372901
372914
372950
372952
372999
373010
373020
373021
373022
373025
373026
373027
373028
373029
373070
373071
373072
373073
373074
373075
373076
373077
373078
373079
373110
373111
373112
373113
373114
373115
373117
373119
373120
373123
373125
373126
373127
373128
373130
373132
373133
373134
373135
373136
373137
373138
373139
373141
373142
373143
373144
373145
373146
373147
373148
373149
373152
373153
373155
373166
373170
373180
373181
373182
373183
373184
373185
373186
373187
373188
373189
373190
373191
373192
373193
373194
373196
373197
373198
373199
373210
373211
373212
373216
373217
373218
373219
373220
373221
373222
373223
373224
373225
373226
373227
373228
373229
373230
373231
373232
373233
373234
373235
373236
373237
373238
373239
373260
373269
373270
373271
373272
373273
373274
373275
373276
373277
373278
373279
373280
373281
373282
373283
373284
373285
373287
373289
373300
373310
373311
373312
373314
373320
373321
373322
373325
373326
373337
373340
373341
373342
373346
373348
373353
373355
373358
373359
373360
373369
373370
373373
373374
373376
373377
373378
373380
373381
373382
373384
373385
373386
373387
373389
373390
373391
373392
373394
373399
373400
373418
373441
373473
373474
373475
373476
373477
373490
373491
373492
373493
373494
373495
373496
373498
373499
373500
373501
373502
373503
373504
373507
373562
373565
373566
373567
373568
373569
373589
373599
373600
373699
373700
373701
373702
373703
373704
373705
373707
373708
373709
373711
373713
373716
373717
373719
373720
373721
373723
373725
373726
373727
373728
373729
373730
373731
373733
373734
373735
373738
373739
373741
373742
373743
373744
373746
373747
373748
373749
373755
373757
373758
373759
373760
373761
373762
373763
373765
373769
373800
373876
373879
373940
373950
373951
373952
373953
373954
373955
373956
373957
373958
373959
373960
373961
373962
373963
373964
373965
373966
373971
373972
373973
373975
373976
373977
373978
373980
373981
373983
373984
373985
373986
373987
373988
373989
373990
373992
373993
373994
373995
373996
373997
373998
373999
374000
374080
374099
374100
374101
374104
374110
374126
374162
374183
374184
374187
374195
374199
374200
374201
374208
374222
374280
374281
374283
374288
374289
374290
374296
374299
374300
374314
374315
374316
374322
374323
374327
374328
374350
374351
374354
374355
374367
374377
374399
374400
374488
374499
374500
374501
374555
374580
374582
374588
374589
374608
374609
374610
374611
374612
374615
374617
374620
374629
374630
374631
374632
374633
374637
374638
374650
374651
374654
374655
374659
374670
374671
374672
374700
374704
374716
374719
374720
374799
374800
374807
374900
374901
374902
374903
374904
374905
374907
374908
374909
374910
374911
374915
374920
374921
374930
374940
374947
374960
374970
374980
374981
374982
374983
374984
374985
374988
374992
374995
374996
374999
375000
375004
375016
375025
375026
375030
375050
375058
375072
375075
375076
375078
375080
375081
375082
375083
375084
375085
375086
375087
375088
375089
375090
375091
375092
375094
375097
375099
375100
375109
375111
375150
375200
375201
375202
375204
375208
375212
375213
375215
375240
375245
375248
375249
375257
375260
375270
375280
375281
375282
375283
375285
375286
375287
375288
375291
375299
375300
375304
375310
375311
375340
375341
375342
375344
375360
375370
375380
375388
375399
375400
375499
375500
375504
375510
375513
375514
375519
375520
375529
375530
375539
375540
375549
375550
375559
375560
375562
375586
375588
375590
375592
375594
375600
375601
375602
375605
375606
375608
375610
375611
375619
375620
375629
375630
375650
375660
375680
375681
375683
375684
375685
375686
375687
375688
375689
375691
375693
375694
375695
375696
375697
375698
375699
375700
375714
375720
375799
375800
375801
375805
375818
375841
375857
375880
375882
375883
375884
375888
375891
375892
375893
375899
375900
375999
376000
376008
376039
376059
376070
376071
376072
376073
376080
376081
376095
376100
376101
376102
376103
376104
376112
376115
376118
376119
376120
376121
376128
376130
376131
376132
376150
376152
376155
376179
376180
376189
376190
376199
376200
376201
376229
376230
376249
376250
376279
376280
376289
376290
376292
376293
376294
376300
376319
376329
376330
376339
376340
376346
376359
376360
376388
376392
376397
376400
376402
376403
376404
376405
376406
376409
376410
376411
376412
376413
376415
376418
376419
376420
376421
376425
376433
376435
376436
376437
376439
376440
376441
376442
376443
376444
376446
376449
376450
376451
376452
376453
376454
376455
376457
376459
376460
376461
376469
376472
376475
376477
376510
376519
376520
376521
376522
376523
376524
376525
376526
376600
376609
376610
376611
376614
376615
376616
376618
376620
376621
376622
376627
376628
376629
376630
376632
376635
376636
376639
376650
376653
376654
376655
376657
376658
376660
376661
376662
376663
376664
376665
376666
376667
376668
376669
376670
376671
376672
376673
376674
376675
376676
376677
376678
376679
376680
376681
376685
376686
376689
376690
376691
376692
376693
376694
376695
376696
376697
376698
376699
376700
376701
376702
376703
376704
376705
376706
376707
376708
376709
376710
376712
376716
376717
376718
376720
376721
376722
376723
376724
376725
376726
376727
376728
376729
376730
376731
376732
376733
376735
376740
376741
376743
376745
376750
376751
376755
376760
376761
376762
376763
376764
376765
376766
376767
376768
376770
376771
376772
376774
376780
376781
376782
376790
376791
376792
376800
376899
376900
376901
376910
376920
376929
376930
376950
376960
376964
376970
376971
376972
376980
377000
377008
377019
377030
377032
377033
377040
377041
377045
377050
377051
377060
377062
377064
377070
377080
377090
377094
377095
377100
377101
377103
377105
377110
377113
377120
377130
377131
377137
377210
377211
377212
377213
377214
377215
377216
377217
377218
377219
377221
377222
377223
377224
377225
377226
377227
377228
377229
377230
377232
377233
377234
377235
377237
377238
377239
377240
377241
377242
377243
377244
377246
377248
377250
377251
377252
377253
377254
377255
377256
377257
377258
377259
377260
377261
377262
377263
377264
377266
377267
377268
377269
377270
377271
377272
377273
377274
377276
377277
377278
377279
377281
377282
377283
377284
377285
377286
377287
377288
377289
377290
377291
377292
377293
377294
377295
377296
377297
377298
377311
377400
377429
377440
377445
377446
377450
377481
377483
377500
377509
377550
377553
377554
377573
377600
377609
377610
377616
377617
377619
377621
377622
377623
377624
377637
377640
377660
377662
377663
377664
377668
377670
377672
377680
377683
377690
377700
377701
377702
377703
377704
377706
377708
377710
377711
377712
377713
377714
377720
377721
377722
377723
377724
377728
377730
377731
377732
377733
377734
377740
377741
377742
377743
377744
377750
377753
377754
377755
377756
377760
377764
377771
377780
377781
377785
377789
377790
377791
377792
377793
377795
377796
377797
377800
377801
377802
377803
377805
377806
377810
377812
377813
377814
377815
377816
377820
377825
377828
377829
377830
377839
377840
377842
377850
377860
377862
377869
377870
377871
377876
377877
377880
377881
377883
377888
377890
377891
377892
377893
377894
377900
377901
377910
377911
377930
377931
377940
377942
377950
377960
377961
377963
377970
377971
377980
377990
377999
378017
378116
378117
378119
378144
378200
378201
378202
378203
378204
378205
378206
378207
378208
378209
378239
378249
378260
378261
378262
378263
378264
378265
378266
378267
378268
378269
378289
378290
378291
378292
378293
378294
378295
378296
378297
378298
378299
378302
378306
378308
378310
378311
378312
378314
378316
378317
378329
378340
378341
378342
378343
378344
378345
378346
378347
378348
378349
378356
378357
378360
378361
378362
378364
378365
378366
378367
378368
378369
378500
378506
378510
378511
378512
378514
378518
378520
378522
378524
378525
378526
378527
378528
378533
378534
378539
378540
378542
378543
378545
378591
378680
378683
378727
378730
378742
378745
378746
378749
378750
378756
378757
378760
378766
378768
378770
378784
378789
378790
378791
378792
378793
378794
378795
378796
378797
378798
378799
378800
378832
378999
379014
379016
379017
379050
379060
379062
379063
379067
379089
379100
379102
379104
379106
379108
379109
379126
379130
379146
379180
379182
379183
379185
379186
379187
379188
379190
379191
379195
379196
379198
379199
379200
379209
379400
379406
379410
379415
379418
379419
379431
379434
379439
379459
379460
379461
379462
379464
379465
379467
379468
379469
379470
379472
379474
379477
379479
379481
379483
379489
379492
379499
379600
379601
379606
379609
379610
379624
379625
379632
379650
379659
379670
379675
379686
379688
379692
379693
379700
379703
379704
379706
379709
379710
379711
379712
379713
379715
379717
379718
379719
379722
379728
379729
379730
379731
379734
379735
379737
379739
379740
379742
379746
379752
379755
379762
379764
398955
400000
400022
400122
400144
400183
400194
400198
400212
400225
400235
400247
400254
400258
400267
400302
400306
400307
400308
400309
400344
400379
400387
400390
400392
400441
400443
400605
400610
400613
400614
400623
400661
400705
400765
400766
400767
400768
400818
400819
400820
400821
400888
400890
400893
400908
400913
400917
400933
400943
400947
400950
400951
400952
400953
400954
400956
400986
401000
401001
401002
401105
401106
401117
401119
401133
401135
401146
401154
401156
401165
401168
401169
401171
401172
401174
401180
401184
401198
401284
401351
401370
401398
401523
401524
401535
401536
401543
401601
401602
401607
401610
401630
401631
401632
401638
401640
401642
401643
401647
401662
401663
401664
401665
401666
401680
401682
401693
401694
401708
401714
401715
401716
401724
401735
401783
401798
401804
401817
401820
401838
401849
401850
401861
401897
401900
401901
401902
401969
401976
401981
401985
402003
402007
402017
402018
402020
402029
402047
402070
402073
402108
402125
402143
402167
402193
402195
402201
402202
402205
402209
402282
402297
402298
402300
402301
402318
402342
402343
402360
402381
402400
402402
402406
402408
402411
402412
402413
402421
402423
402424
402425
402437
402442
402444
402451
402464
402473
402481
402483
402503
402504
402506
402514
402520
402560
402561
402605
402621
402654
402666
402667
402680
402681
402682
402683
402684
402721
402722
402738
402749
402751
402766
402783
402794
402795
402799
402855
402860
402889
402892
402918
402937
402944
403051
403052
403102
403113
403114
403115
403117
403118
403132
403160
403170
403202
403210
403212
403213
403216
403225
403244
403247
403270
403284
403299
403309
403329
403335
403336
403337
403357
403400
403401
403444
403490
403494
403497
403500
403505
403519
403577
403591
403609
403616
403623
403624
403642
403647
403649
403650
403690
403694
403700
403703
403707
403766
403769
403774
403778
403784
403816
403817
403818
403834
403835
403856
403858
403859
403860
403863
403930
403940
403945
403994
403995
403996
404012
404041
404042
404112
404144
404145
404146
404155
404203
404225
404265
404280
404284
404352
404360
404388
404389
404399
404512
404516
404518
404527
404552
404553
404573
404596
404597
404601
404615
404621
404629
404636
404644
404646
404648
404654
404657
404658
404673
404675
404691
404707
404708
404720
404721
404801
404830
404831
404832
404841
404843
404845
404848
404882
404883
404884
404903
404931
404942
404970
404971
404980
404994
405006
405022
405025
405037
405048
405071
405084
405086
405212
405219
405259
405260
405261
405262
405265
405301
405306
405355
405363
405367
405371
405373
405374
405383
405385
405391
405397
405406
405407
405408
405409
405410
405412
405416
405418
405428
405431
405496
405545
405587
405590
405592
405603
405642
405653
405705
405720
405738
405785
405791
405792
405793
405794
405795
405805
405813
405840
405843
405889
405892
405901
405902
405905
405909
405911
405912
405921
405928
405929
405930
405931
405933
405978
406012
406019
406032
406041
406042
406045
406047
406049
406055
406063
406068
406070
406076
406077
406091
406095
406099
406112
406113
406114
406123
406130
406131
406275
406305
406315
406359
406390
406458
406489
406490
406655
406669
406672
406678
406699
406704
406742
406807
407000
407001
407071
407100
407101
407110
407114
407129
407136
407154
407158
407176
407193
407195
407220
407221
407229
407245
407252
407279
407285
407304
407317
407319
407382
407393
407450
407458
407474
407475
407476
407477
407500
407501
407505
407537
407546
407550
407557
407559
407635
407714
407807
407848
407862
407884
407970
408037
408041
408101
408104
408106
408109
408123
408161
408163
408164
408181
408183
408189
408200
408244
408245
408254
408437
408438
408440
408441
408442
408502
408525
408528
408531
408540
408547
408586
408590
408620
408668
408697
409007
409008
409013
409015
409016
409019
409027
409043
409045
409046
409047
409155
409238
409239
409259
409263
409269
409273
409274
409283
409292
409299
409306
409308
409311
409315
409320
409346
409375
409376
409377
409429
409441
409453
409463
409465
409524
409546
409559
409563
409564
409600
409605
409606
409627
409702
409707
409723
409724
409726
409731
409744
409746
409815
409845
409846
409847
409848
409849
409851
409858
409902
409903
409912
409935
409936
409940
409962
409963
409970
409984
409985
410019
410118
410142
410144
410145
410171
410177
410180
410181
410220
410312
410340
410346
410347
410348
410368
410372
410413
410414
410416
410419
410443
410463
410481
410486
410489
410513
410534
410535
410601
410602
410608
410625
410626
410628
410636
410637
410651
410774
410777
410807
410831
410832
410841
410851
410852
410864
410881
410888
410890
410893
410894
410919
410922
410937
410951
411010
411011
411016
411024
411031
411045
411052
411056
411065
411072
411073
411077
411091
411097
411161
411162
411163
411164
411165
411214
411217
411250
411255
411256
411280
411288
411374
411431
411440
411441
411445
411446
411452
411453
411454
411507
411510
411536
411604
411606
411608
411614
411630
411697
411734
411753
411754
411757
411760
411761
411762
411770
411771
411772
411773
411774
411776
411777
411800
411805
411810
411816
411817
411820
411826
411827
411829
411836
411839
411841
411844
411845
411849
411878
411883
411887
411904
412020
412037
412039
412046
412048
412055
412060
412061
412068
412092
412099
412100
412102
412105
412116
412117
412125
412126
412134
412135
412137
412139
412150
412151
412159
412162
412163
412174
412176
412178
412185
412198
412231
412288
412289
412299
412407
412428
412446
412451
412453
412454
412470
412489
412605
412608
412615
412654
412689
412691
412714
412735
412757
412758
412768
412781
412799
412800
412937
412938
412985
413000
413016
413019
413020
413022
413098
413107
413143
413149
413154
413165
413186
413196
413227
413252
413321
413388
413406
413428
413484
413491
413496
413574
413575
413577
413585
413701
413726
413765
413782
413808
413890
413923
413925
413934
413978
414003
414104
414221
414230
414261
414282
414290
414308
414314
414315
414326
414401
414446
414452
414453
414454
414455
414472
414473
414476
414530
414532
414538
414544
414580
414631
414651
414665
414666
414681
414682
414683
414685
414703
414709
414711
414712
414716
414718
414720
414721
414729
414730
414734
414735
414736
414737
414740
414741
414750
414753
414759
414766
414771
414776
414778
414783
414789
414791
414801
414826
414904
414905
414908
414909
414915
414932
414934
414948
414970
414983
414988
414997
414998
414999
415001
415005
415007
415009
415176
415203
415204
415211
415214
415231
415234
415237
415257
415261
415264
415270
415273
415274
415275
415276
415277
415278
415281
415282
415283
415298
415304
415306
415324
415327
415342
415345
415351
415372
415380
415384
415386
415390
415393
415399
415407
415409
415410
415417
415418
415426
415431
415433
415470
415481
415488
415490
415491
415518
415531
415532
415554
415557
415560
415581
415582
415583
415590
415607
415676
415686
415710
415712
415725
415726
415728
415746
415747
415758
415769
415775
415786
415852
415856
415874
415934
415936
415969
415974
415977
415981
415982
416028
416046
416047
416051
416081
416085
416088
416182
416224
416422
416446
416462
416467
416501
416502
416712
416724
416740
416780
416814
416818
416826
416828
416829
416832
416833
416834
416838
416880
416882
416892
416895
416896
416916
416992
417002
417008
417021
417030
417095
417238
417250
417300
417301
417456
417480
417624
417641
417678
417750
417806
417807
417849
417850
417880
417881
417890
417891
417929
417930
417931
417967
417968
418065
418073
418077
418078
418080
418083
418091
418093
418094
418307
418374
418375
418376
418384
418409
418418
418435
418437
418476
418514
418515
418528
418534
418539
418541
418543
418544
418549
418550
418555
418557
418558
418561
418563
418564
418566
418581
418582
418585
418586
418587
418600
418617
418618
418621
418666
418746
418802
418914
418928
418929
419000
419001
419002
419003
419008
419013
419028
419032
419050
419067
419074
419099
419103
419110
419172
419180
419181
419182
419200
419229
419230
419231
419232
419302
419308
419310
419365
419372
419376
419403
419435
419452
419454
419455
419456
419480
419500
419501
419509
419538
419588
419589
419614
419615
419625
419658
419659
419663
419664
419665
419690
419691
419704
419745
419749
419884
420028
420042
420064
420075
420199
420210
420238
420262
420301
420307
420325
420376
420386
420387
420388
420500
420511
420550
420551
420554
420567
420568
420576
420577
420618
420680
420692
420713
420718
420719
420728
420767
420920
420950
420972
420973
420991
421003
421004
421005
421010
421016
421023
421047
421091
421102
421150
421202
421216
421284
421302
421303
421316
421338
421340
421364
421378
421381
421383
421384
421385
421386
421387
421388
421398
421400
421415
421416
421442
421443
421449
421453
421455
421459
421473
421498
421499
421505
421506
421514
421516
421526
421527
421542
421543
421547
421548
421555
421556
421557
421558
421566
421568
421574
421575
421586
421622
421702
421723
421734
421758
421763
421764
421765
421766
421770
421776
421787
421793
421794
421802
421803
421805
421806
421807
421811
421812
421815
421816
421817
421818
421825
421832
421837
421838
421839
421840
421842
421844
421845
421847
421854
421892
421909
421921
421922
421930
421969
422003
422010
422061
422062
422093
422112
422115
422116
422123
422135
422136
422137
422156
422157
422220
422222
422223
422227
422231
422237
422248
422251
422253
422274
422282
422283
422298
422300
422303
422307
422323
422324
422329
422383
422398
422403
422404
422429
422470
422496
422502
422518
422540
422581
422582
422595
422616
422631
422635
422642
422659
422661
422663
422668
422690
422691
422695
422696
422709
422721
422733
422742
422744
422752
422755
422761
422774
422778
422779
422780
422794
422797
422841
422847
422853
422855
422877
422878
422879
422884
422894
422900
422907
422919
422921
422941
422960
422961
422962
422966
422968
422969
422974
422983
422989
422997
423131
423133
423145
423247
423259
423316
423317
423324
423326
423327
423340
423347
423504
423568
423585
423608
423615
423616
423635
423640
423641
423646
423659
423682
423686
423691
423696
423697
423698
423736
423751
423801
423804
423817
423834
423838
423869
423885
423910
423912
423921
423925
423927
423928
423929
423950
423957
423959
423962
423966
423980
423996
423998
424065
424101
424102
424136
424138
424163
424256
424302
424303
424358
424468
424586
424588
424604
424615
424617
424631
424635
424683
424689
424690
424691
424695
424700
424721
424723
424725
424734
424735
424740
424747
424758
424903
424904
424905
424907
424955
424959
424960
424961
424963
424981
425016
425020
425030
425031
425032
425041
425053
425057
425060
425082
425112
425115
425124
425129
425131
425186
425204
425206
425255
425264
425270
425276
425329
425330
425331
425332
425333
425405
425416
425421
425432
425435
425436
425438
425448
425449
425451
425466
425482
425484
425485
425486
425497
425522
425549
425566
425581
425628
425637
425667
425716
425723
425757
425788
425808
425828
425904
425907
425908
425909
425931
425932
425941
425944
425949
425950
425952
425953
425954
425955
425959
425967
425981
425982
425983
425984
425998
425999
426000
426012
426016
426017
426021
426024
426025
426026
426045
426073
426074
426079
426188
426202
426207
426210
426223
426236
426245
426277
426279
426281
426303
426354
426391
426393
426398
426428
426429
426451
426452
426465
426493
426513
426514
426540
426569
426603
426609
426615
426627
426628
426629
426638
426648
426651
426652
426675
426681
426683
426684
426685
426688
426690
426692
426729
426807
426808
426934
426961
426993
426994
426996
426998
427040
427066
427073
427081
427082
427088
427090
427099
427122
427130
427138
427147
427166
427177
427178
427179
427208
427213
427214
427217
427303
427305
427314
427316
427367
427368
427451
427506
427514
427519
427521
427527
427528
427532
427533
427538
427544
427557
427582
427593
427730
427741
427760
427807
428001
428053
428054
428055
428056
428057
428058
428059
428078
428082
428149
428161
428201
428207
428208
428211
428258
428259
428260
428261
428278
428291
428292
428293
428308
428309
428322
428323
428338
428351
428352
428361
428363
428365
428369
428370
428421
428575
428594
428595
428705
428716
428732
428742
428795
428899
428953
429117
429132
429133
429134
429137
429164
429174
429176
429278
429371
429404
429420
429475
429480
429481
429483
429509
429511
429513
429519
429522
429591
429605
429625
429769
429770
429805
429811
429813
429854
429858
429886
429888
429941
429979
430016
430018
430019
430023
430033
430048
430058
430070
430108
430154
430156
430168
430171
430177
430178
430179
430199
430223
430240
430286
430319
430324
430326
430329
430335
430348
430349
430383
430386
430413
430417
430418
430419
430447
430448
430449
430456
430504
430521
430531
430535
430550
430567
430572
430586
430587
430594
430598
430607
430610
430623
430628
430644
430648
430657
430660
430662
430665
430666
430675
430679
430682
430696
430697
430731
430736
430741
430746
430749
430763
430846
430851
430854
430858
430902
430903
430904
430912
430939
430967
430998
431042
431062
431063
431064
431065
431069
431073
431074
431075
431098
431144
431178
431183
431195
431196
431197
431212
431228
431231
431243
431301
431302
431303
431304
431307
431308
431309
431313
431351
431352
431353
431354
431378
431388
431391
431451
431467
431470
431479
431514
431568
431582
431651
431678
431692
431699
431701
431719
431722
431724
431751
431753
431795
431839
431840
431848
431869
431884
431885
431891
431894
431895
431903
431904
431923
431935
431980
432016
432087
432088
432102
432108
432139
432156
432172
432173
432174
432175
432176
432256
432257
432258
432292
432303
432306
432315
432370
432371
432372
432373
432374
432376
432377
432378
432379
432382
432383
432384
432385
432386
432389
432392
432393
432394
432395
432403
432404
432405
432406
432419
432441
432448
432452
432460
432461
432462
432463
432466
432490
432515
432522
432526
432553
432600
432602
432605
432623
432626
432628
432629
432630
432650
432653
432654
432682
432683
432689
432696
432719
432739
432741
432747
432749
432770
432807
432845
432881
432950
433015
433028
433077
433081
433097
433100
433113
433114
433125
433126
433132
433135
433137
433159
433163
433167
433176
433190
433191
433194
433198
433237
433272
433301
433406
433413
433414
433415
433422
433431
433432
433433
433443
433445
433446
433448
433449
433454
433460
433464
433480
433481
433483
433484
433507
433584
433585
433586
433600
433694
433701
433707
433718
433719
433739
433765
433766
433768
433775
433779
433793
433796
433797
433818
433830
433831
433902
433904
433905
433909
433993
433998
434009
434058
434059
434091
434092
434094
434096
434097
434150
434151
434152
434153
434154
434157
434198
434246
434249
434251
434256
434257
434258
434286
434322
434329
434330
434357
434358
434387
434388
434389
434456
434458
434493
434499
434603
434610
434615
434618
434638
434661
434679
434683
434769
434905
434960
434982
434984
434994
434996
435142
435149
435162
435172
435201
435228
435231
435237
435239
435257
435272
435276
435288
435289
435392
435544
435545
435549
435555
435556
435577
435578
435590
435600
435602
435603
435604
435605
435607
435608
435610
435617
435619
435621
435622
435630
435631
435632
435635
435638
435640
435643
435645
435648
435649
435654
435655
435658
435659
435664
435666
435667
435672
435680
435681
435683
435684
435685
435686
435687
435688
435689
435730
435740
435741
435746
435760
435764
435765
435766
435769
435773
435787
435789
435797
435839
435858
435868
435877
435880
435887
435888
435925
435969
435970
435983
435997
436114
436124
436132
436137
436145
436147
436150
436169
436194
436195
436196
436197
436401
436405
436601
436610
436611
436613
436614
436615
436616
436617
436618
436657
436668
436678
436692
436693
436719
436802
436879
436884
437307
437816
438045
438076
438078
438080
438081
438085
438086
438087
438090
438092
438093
438094
438098
438101
438165
438166
438200
438225
438283
438292
438400
438410
438412
438413
438424
438434
438452
438459
438464
438467
438470
438502
438526
438552
438555
438558
438560
438562
438566
438567
438571
438572
438573
438580
438621
438630
438641
438646
438654
438676
438679
438688
438697
438721
438730
438755
438767
438772
438785
438809
438815
438828
438832
438834
438838
438840
438847
438852
438853
438854
438857
438862
438864
438866
438868
438879
438884
438902
438904
438921
438925
438950
438972
439043
439072
439075
439093
439120
439124
439125
439139
439146
439147
439161
439164
439165
439168
439170
439175
439176
439185
439186
439187
439226
439247
439268
439347
439369
439392
439395
439433
439455
439472
439477
439496
439707
439708
439882
439898
439911
440156
440175
440210
440211
440213
440218
440260
440288
440318
440319
440348
440354
440371
440383
440387
440396
440415
440421
440424
440560
440584
440621
440624
440638
440639
440675
440677
440681
440684
440687
440694
440709
440752
440763
440764
440775
440797
440803
440804
440805
440824
440825
440853
440863
440868
440872
440877
440884
440893
440915
441019
441028
441080
441103
441104
441105
441110
441116
441132
441134
441166
441169
441175
441176
441178
441182
441183
441254
441278
441281
441282
441297
441311
441313
441420
441426
441435
441462
441493
441521
441524
441532
441541
441545
441549
441554
441566
441572
441576
441577
441578
441579
441580
441581
441582
441583
441584
441585
441586
441587
441588
441589
441590
441591
441592
441593
441594
441621
441643
441647
441669
441686
441705
441706
441707
441711
441712
441715
441716
441732
441733
441734
441735
441736
441737
441738
441739
441740
441741
441742
441743
441744
441745
441746
441747
441748
441749
441750
441751
441752
441753
441754
441755
441756
441757
441758
441763
441765
441778
441802
441811
441822
441827
441833
441840
441841
441844
441850
441853
441855
441911
441947
441949
441990
441993
442020
442021
442062
442160
442177
442217
442218
442254
442321
442323
442347
442369
442505
442507
442621
442622
442624
442625
442627
442644
442657
442658
442688
442692
442695
442698
442706
442707
442710
442711
442717
442722
442728
442732
442742
442743
442744
442749
442755
442756
442762
442777
442787
442788
442790
442791
442795
442800
442802
442813
442823
442827
442828
442830
442847
442858
442860
442861
442868
442870
442880
442887
442888
442906
442941
442962
442989
443001
443004
443040
443041
443044
443045
443047
443048
443051
443057
443060
443071
443081
443100
443101
443108
443110
443112
443113
443121
443123
443141
443160
443161
443165
443177
443217
443220
443264
443279
443282
443420
443512
443548
443564
443581
443589
443592
443601
443603
443610
443612
443623
443651
443837
443858
443911
443952
443953
443956
444020
444058
444059
444085
444087
444089
444091
444116
444213
444257
444258
444260
444278
444283
444293
444296
444304
444321
444335
444400
444413
444449
444487
444522
444561
444671
444685
444724
444737
444796
444843
444904
444951
444957
444978
444995
445000
445004
445018
445019
445020
445100
445101
445115
445171
445200
445203
445206
445208
445224
445227
445234
445238
445244
445251
445254
445256
445302
445320
445321
445326
445393
445471
445472
445473
445475
445731
445732
445742
445774
445795
445837
446023
446024
446029
446053
446059
446063
446071
446082
446106
446138
446196
446267
446274
446278
446279
446281
446291
446335
446351
446420
446445
446479
446488
446500
446501
446507
446519
446529
446530
446531
446532
446536
446539
446540
446542
446545
446557
446561
446562
446565
446567
446568
446569
446570
446579
446580
446581
446583
446647
446654
446681
446740
446744
446756
446759
446778
446807
446808
446856
446857
446876
446878
446880
446939
446947
447005
447006
447007
447010
447040
447045
447057
447060
447070
447091
447094
447133
447164
447181
447197
447261
447282
447283
447289
447312
447404
447435
447437
447453
447456
447473
447494
447495
447574
447581
447595
447596
447599
447619
447624
447669
447672
447674
447680
447682
447732
447747
447759
447762
447775
447785
447789
447798
447883
447913
447941
447943
447945
447947
447948
447950
447966
447972
447973
447976
447993
447994
447995
448013
448045
448060
448098
448110
448120
448142
448151
448156
448165
448176
448195
448209
448215
448224
448233
448236
448237
448238
448264
448275
448344
448356
448380
448381
448421
448442
448454
448467
448473
448559
448569
448612
448670
448686
448700
448701
448702
448703
448705
448733
448741
448742
448763
448764
448765
448766
448783
448785
448786
448790
448793
448813
448816
448822
448825
448836
448844
448848
448854
448858
448859
448869
448873
448875
448900
448901
448909
448915
448926
448936
448946
448956
448966
449014
449025
449043
449047
449095
449104
449113
449123
449149
449184
449187
449188
449191
449194
449195
449209
449210
449221
449227
449228
449230
449247
449250
449256
449274
449277
449292
449352
449353
449403
449404
449435
449460
449465
449478
449494
449510
449512
449514
449516
449517
449528
449553
449573
449585
449658
449700
449702
449726
449729
449749
449782
449787
449792
449799
449830
449848
449886
449897
449904
449916
449928
450003
450004
450008
450060
450061
450062
450065
450066
450101
450110
450112
450115
450117
450204
450220
450221
450223
450228
450231
450232
450279
450309
450312
450313
450328
450330
450331
450332
450335
450402
450403
450404
450407
450408
450410
450417
450418
450421
450422
450423
450424
450425
450426
450427
450428
450429
450430
450431
450432
450435
450440
450441
450445
450450
450451
450452
450467
450468
450540
450550
450551
450553
450566
450589
450592
450598
450605
450607
450608
450619
450622
450625
450626
450633
450644
450645
450650
450663
450668
450682
450683
450687
450701
450702
450703
450709
450722
450725
450727
450760
450797
450800
450801
450822
450825
450834
450835
450838
450839
450840
450843
450845
450848
450850
450863
450876
450878
450892
450895
450910
450944
450947
450948
450949
450952
450974
450975
450979
450981
450983
450995
450998
451011
451012
451013
451014
451015
451033
451040
451041
451046
451050
451062
451084
451114
451115
451116
451117
451119
451125
451126
451163
451210
451211
451212
451220
451223
451235
451237
451250
451252
451270
451283
451307
451308
451309
451312
451320
451322
451331
451332
451333
451334
451335
451354
451360
451370
451371
451388
451389
451393
451394
451395
451401
451403
451407
451409
451414
451415
451417
451418
451432
451448
451468
451477
451480
451481
451482
451502
451503
451504
451505
451506
451601
451602
451605
451607
451700
451707
451708
451709
451710
451711
451712
451734
451735
451748
451766
451778
451789
451791
451793
451801
451842
451843
451876
451877
451899
451986
451989
451990
452001
452002
452005
452034
452070
452073
452083
452084
452085
452086
452088
452134
452151
452166
452169
452183
452307
452407
452414
452415
452416
452417
452418
452421
452429
452473
452500
452520
452526
452585
452853
452938
452949
452962
452986
453091
453118
453167
453211
453217
453220
453221
453222
453231
453238
453240
453243
453244
453263
453301
453370
453381
453382
453400
453412
453419
453421
453423
453431
453435
453436
453438
453441
453442
453450
453462
453463
453472
453478
453504
453505
453510
453511
453556
453596
453605
453643
453700
453701
453702
453703
453704
453706
453736
453750
453801
453802
453803
453810
453811
453900
453903
453922
453937
453943
453944
453947
453952
453954
453961
453965
453968
453973
453974
453978
453979
453988
453990
453996
453997
453998
453999
454031
454033
454034
454037
454041
454042
454048
454049
454050
454057
454058
454059
454069
454073
454075
454080
454086
454089
454098
454099
454111
454114
454115
454120
454131
454137
454140
454141
454148
454154
454165
454168
454190
454196
454220
454249
454265
454271
454272
454275
454286
454300
454305
454308
454312
454313
454342
454361
454406
454412
454414
454420
454459
454472
454480
454492
454496
454497
454498
454520
454600
454611
454612
454614
454617
454618
454638
454640
454642
454643
454645
454651
454652
454655
454657
454659
454692
454707
454720
454721
454722
454724
454725
454726
454736
454737
454738
454742
454747
454749
454756
454757
454771
454775
454801
454803
454804
454805
454809
454810
454818
454819
454822
454826
454829
454832
454856
454857
454859
454885
454898
454900
454901
454903
454905
454919
454921
454951
454952
454954
454996
454998
455001
455004
455005
455006
455025
455046
455069
455071
455073
455083
455098
455100
455121
455127
455129
455130
455131
455132
455133
455144
455146
455147
455152
455159
455163
455179
455183
455184
455187
455188
455197
455199
455203
455206
455218
455226
455228
455245
455248
455254
455255
455259
455262
455264
455265
455269
455270
455274
455284
455316
455323
455326
455328
455337
455349
455367
455369
455380
455450
455487
455493
455500
455501
455502
455503
455504
455505
455506
455507
455508
455509
455510
455511
455513
455514
455515
455517
455518
455519
455525
455526
455527
455529
455533
455537
455540
455545
455548
455549
455550
455554
455560
455561
455565
455578
455595
455596
455597
455598
455599
455600
455615
455616
455620
455642
455646
455647
455701
455702
455720
455732
455733
455736
455783
455789
455791
455818
455831
455918
455950
455951
455952
455954
455974
455981
455982
455983
455986
455990
455996
455998
456012
456027
456039
456040
456044
456050
456051
456071
456072
456079
456080
456081
456090
456100
456109
456137
456138
456140
456144
456247
456256
456290
456300
456319
456323
456330
456331
456333
456334
456335
456337
456338
456341
456344
456345
456349
456353
456354
456355
456358
456360
456361
456364
456366
456395
456396
456397
456419
456431
456433
456435
456449
456468
456471
456472
456499
456524
456534
456539
456540
456541
456542
456547
456548
456579
456598
456605
456621
456700
456701
456721
456738
456770
456775
456794
456795
456796
456815
456824
456827
456829
456830
456834
456836
456839
456840
456846
456849
456859
456874
456880
456882
456889
456915
456954
456997
457013
457015
457033
457037
457038
457040
457074
457104
457116
457121
457122
457135
457143
457154
457216
457217
457273
457306
457307
457330
457332
457334
457335
457374
457405
457406
457408
457422
457495
457501
457530
457532
457535
457610
457614
457620
457621
457628
457738
457906
457907
457961
457973
457993
458003
458009
458011
458012
458014
458016
458020
458026
458036
458037
458074
458081
458099
458103
458104
458106
458107
458108
458109
458175
458176
458177
458178
458415
458894
459009
459010
459011
459066
459354
459356
459372
459377
459378
459382
459404
459406
459411
459413
459414
459415
459416
459417
459900
459918
459944
459950
459981
459984
459985
459988
459990
459993
459995
459996
459997
459999
460000
460003
460005
460008
460010
460011
460028
460068
460122
460133
460203
460224
460226
460230
460234
460245
460253
460257
460269
460273
460278
460288
460315
460332
460342
460352
460381
460410
460419
460444
460476
460500
460511
460523
460533
460541
460549
460553
460557
460559
460577
460581
460600
460625
460662
460684
460697
460699
460745
460753
460766
460770
460814
460816
460819
460827
460849
460897
461007
461040
461041
461046
461098
461158
461160
461164
461167
461202
461207
461210
461211
461235
461330
461366
461367
461374
461394
461602
461608
461612
461646
461657
461691
461903
462030
462046
462059
462112
462120
462122
462123
462125
462149
462150
462192
462278
462300
462302
462404
462405
462406
462534
462536
462547
462623
462649
462722
462723
462726
462729
462763
462785
462794
462931
462946
462960
462964
462974
462979
462980
462981
462983
462986
462991
462992
462993
463000
463030
463032
463074
463099
463136
463143
463152
463158
463186
463187
463276
463318
463319
463401
463402
463403
463404
463491
463500
463505
463550
463551
463552
463572
463573
463574
463575
463576
463577
463578
463580
463584
463585
463586
463587
463588
463589
463655
463667
463668
463672
463673
463675
463687
463691
463692
463700
463819
463841
463910
463986
464018
464032
464206
464303
464352
464370
464410
464413
464415
464453
464455
464467
464596
464597
464600
464650
464689
464690
464701
464719
464802
464864
464888
464889
464906
464918
464929
465041
465288
465345
465346
465376
465512
465547
465549
465564
465614
465631
465688
465739
465823
465827
465828
465829
465858
465861
465896
465904
465911
465922
465923
465942
465950
465968
465982
465984
465986
466116
466129
466130
466147
466186
466188
466190
466304
466306
466309
466402
466664
466710
466711
466715
466716
466727
466728
466801
467001
467010
467062
467142
467144
467176
467199
467297
467298
467307
467308
467339
467370
467386
467442
467473
467500
467505
467508
467509
467519
467546
467558
467559
467726
467745
467793
467803
467805
467806
467808
467809
467831
467832
467835
467896
467915
468005
468007
468018
468047
468101
468104
468113
468122
468204
468271
468277
468291
468421
468453
468472
468490
468510
468515
468517
468523
468550
468577
468578
468715
468836
468877
468881
468901
468902
468903
468916
469045
469072
469083
469227
469304
469441
469445
469454
469459
469498
469512
469514
469566
469592
469594
469596
469690
469756
469819
469849
469858
469859
469870
469890
469891
470058
470059
470103
470104
470106
470111
470121
470123
470132
470133
470134
470144
470199
470315
470319
470320
470405
470406
470409
470411
470413
470416
470430
470460
470502
470504
470514
470523
470598
470620
470621
470701
470712
470745
470749
470758
470765
470784
470788
470796
470863
470953
471202
471203
471266
471364
471515
471516
471529
471536
471563
471569
471575
471630
471640
471724
471773
471776
471805
471828
471830
471832
471835
471849
471885
471901
471902
471923
471924
471926
472033
472034
472037
472052
472055
472056
472057
472066
472071
472072
472073
472091
472102
472151
472177
472179
472390
472409
472437
472502
472728
472776
472777
472791
472806
472811
473004
473005
473009
473036
473045
473058
473063
473064
473068
473070
473077
473081
473087
473099
473104
473116
473135
473145
473154
473157
473172
473190
473212
473213
473214
473215
473216
473218
473239
473240
473241
473242
473243
473279
473294
473298
473299
473302
473335
473336
473342
473350
473366
473368
473374
473384
473413
473424
473472
473477
473503
473512
473514
473518
473519
473524
473536
473537
473548
473551
473565
473580
473581
473592
473593
473599
473622
473647
473690
473691
473699
473700
473701
473702
473703
473856
473883
473936
473947
473956
474162
474165
474174
474175
474176
474214
474227
474262
474265
474291
474306
474406
474408
474472
474473
474474
474475
474476
474477
474478
474479
474480
474481
474483
474484
474485
474486
474487
474488
474489
474490
474532
474533
474534
474557
474558
474559
474560
474566
474571
474581
474596
474605
474613
474615
474622
474626
474634
474639
474644
474652
474653
474665
474672
474673
474681
474682
474683
474686
474687
474727
474871
474947
475000
475006
475010
475013
475050
475054
475055
475056
475114
475124
475128
475214
475255
475399
475400
475425
475427
475441
475486
475490
475491
475492
475573
475580
475581
475583
475593
475598
475601
475631
475633
475634
475638
475643
475655
475671
475678
475684
475688
475698
475714
475803
475810
475822
475824
475860
475882
475888
476017
476038
476095
476096
476153
476158
476164
476165
476202
476203
476204
476271
476272
476274
476275
476276
476277
476279
476334
476374
476399
476450
476515
476528
476529
476534
476535
476536
476545
476547
476554
476557
476559
476560
476563
476571
476578
476585
476588
476593
476603
476605
476684
476687
476707
476729
476734
476767
476782
476796
476800
476897
476900
477019
477117
477131
477132
477136
477161
477210
477211
477213
477214
477251
477252
477253
477254
477267
477279
477280
477291
477292
477334
477341
477343
477353
477365
477367
477368
477370
477380
477382
477399
477459
477487
477507
477517
477560
477564
477566
477571
477588
477596
477721
477738
477739
477744
477746
477748
477762
477767
477778
477790
477801
477814
477819
477821
477825
477826
477831
477872
477912
477913
477921
477975
477979
478200
478208
478320
478355
478358
478360
478380
478431
478455
478460
478462
478480
478485
478499
478787
478788
478789
478790
478791
478792
478793
478794
478821
478822
478825
478827
478848
478869
478880
478885
478899
478901
478902
478907
478916
478922
478923
478924
478925
478946
478947
478948
478950
478962
478975
478982
478985
478986
478990
479006
479007
479008
479011
479020
479030
479106
479107
479124
479133
479144
479162
479182
479195
479213
479233
479237
479242
479271
479304
479321
479347
479354
479355
479360
479361
479367
479370
479375
479409
479410
479411
479455
479461
479481
479485
479511
479813
479817
479820
479823
479826
479849
479851
479853
479860
479880
479884
480011
480012
480013
480128
480151
480152
480154
480158
480207
480209
480213
480221
480236
480246
480283
480297
480309
480318
480321
480327
480338
480343
480349
480376
480379
480385
480398
480419
480602
480614
480679
480682
480691
480700
480704
480707
480710
480712
480715
480801
480824
480853
480861
480922
480956
480965
480969
480975
480976
480990
480992
480993
480995
481110
481169
481170
481388
481581
481582
481583
481584
481587
481588
481599
481759
481947
481959
481971
482000
482001
482002
482031
482057
482058
482060
482067
482072
482098
482099
482128
482129
482130
482157
482316
482408
482431
482451
482462
482474
482850
482851
482852
482853
482854
482855
482857
482858
482862
482863
482864
482865
482866
482867
482868
482870
482880
482881
482882
482890
483001
483030
483068
483073
483079
483093
483095
483190
483301
483312
483313
483314
483316
483323
483324
483349
483361
483370
483519
483950
483959
483961
483963
483964
484005
484014
484022
484100
484111
484153
484203
484210
484229
484287
484305
484307
484326
484331
484334
484338
484341
484343
484350
484362
484365
484391
484452
484458
484459
484461
484465
484468
484471
484498
484499
484509
484541
484542
484556
484572
484575
484576
484588
484589
484593
484594
484596
484597
484644
484710
484711
484716
484735
484943
485006
485081
485100
485102
485136
485149
485158
485169
485176
485245
485279
485280
485287
485316
485320
485340
485368
485376
485388
485393
485403
485404
485426
485500
485565
485600
485620
485621
485631
485638
485644
485658
485671
485731
485738
485787
485937
485942
485943
485957
485966
485971
485998
486130
486153
486169
486235
486236
486354
486394
486396
486397
486405
486412
486439
486483
486561
486742
486790
486792
486794
486796
486821
486827
486828
486830
486831
486832
486895
486896
486910
486922
486955
486993
487029
487033
487034
487035
487038
487039
487043
487065
487067
487081
487082
487083
487270
487276
487277
487278
487279
487301
487309
487333
487794
487821
488208
488800
488822
488860
488885
488889
488891
488892
488893
488894
489108
489113
489114
489117
489202
489210
489211
489212
489222
489232
489245
489248
489264
489267
489282
489288
489353
489357
489396
489425
489432
489450
489468
489483
489484
489618
489721
489771
489783
489911
489912
489924
489925
489928
489930
489931
489935
489937
489941
489942
489943
489951
489952
489983
489991
490024
490070
490071
490077
490080
490106
490115
490117
490118
490121
490136
490147
490166
490168
490172
490176
490178
490200
490220
490433
490598
490638
490643
490646
490649
490696
490698
490714
490715
490726
490731
490744
490751
490752
490753
490762
490776
490824
490829
490903
490943
490964
490979
490998
491001
491002
491012
491033
491039
491075
491089
491090
491094
491095
491096
491099
491206
491211
491215
491222
491223
491224
491225
491234
491236
491250
491261
491268
491271
491272
491279
491280
491281
491282
491283
491284
491291
491292
491294
491295
491296
491297
491298
491299
491308
491310
491312
491313
491315
491320
491327
491330
491331
491332
491333
491337
491340
491341
491342
491343
491344
491345
491346
491362
491365
491366
491367
491369
491371
491375
491376
491382
491383
491386
491387
491388
491389
491390
491391
491397
491398
491399
491404
491405
491406
491418
491431
491433
491434
491439
491442
491443
491444
491447
491501
491502
491505
491506
491511
491512
491514
491515
491522
491528
491529
491530
491531
491532
491533
491550
491551
491553
491556
491557
491558
491559
491560
491561
491566
491567
491572
491573
491574
491575
491576
491578
491580
491582
491583
491584
491585
491586
491587
491588
491601
491616
491620
491624
491665
491674
491675
491697
491731
491766
491767
491770
491782
491812
491832
491839
491840
491847
491870
491871
491872
491873
491883
491889
491890
491895
491900
491902
491903
491904
491905
491910
491911
491921
491929
491949
491982
491986
491987
491988
491990
491992
491993
492009
492016
492019
492022
492027
492044
492049
492082
492089
492090
492106
492109
492111
492113
492116
492119
492121
492125
492127
492137
492143
492151
492162
492163
492167
492181
492182
492188
492189
492195
492196
492197
492200
492201
492202
492206
492209
492247
492254
492255
492270
492271
492278
492292
492295
492296
492297
492312
492313
492341
492342
492391
492407
492408
492409
492410
492416
492444
492452
492461
492465
492466
492467
492492
492493
492505
492510
492516
492528
492555
492556
492557
492560
492562
492565
492576
492585
492602
492745
492910
492919
492940
492942
492943
492944
492945
492946
492947
492949
492968
493024
493061
493075
493077
493112
493114
493118
493120
493121
493122
493123
493124
493126
493131
493132
493135
493136
493137
493138
493140
493141
493142
493143
493144
493145
493146
493154
493157
493158
493159
493160
493161
493162
493163
493164
493165
493166
493170
493171
493172
493173
493179
493180
493181
493186
493189
493190
493191
493192
493193
493194
493196
493198
493199
493415
493422
493437
493470
493492
493495
493511
493512
493518
493547
493549
493711
493713
493715
493729
493731
493733
493734
493738
493740
493741
493743
493744
493745
493778
493788
493813
493815
493818
493823
493824
493831
493843
493849
493850
493851
493855
493856
494000
494001
494011
494012
494013
494015
494019
494024
494025
494028
494065
494069
494120
494133
494134
494146
494148
494151
494152
494159
494162
494170
494171
494190
494271
494310
494340
494348
494386
494388
494396
494397
494398
494399
494707
494907
495000
495006
495018
495034
495075
495083
495276
495455
495744
495981
496031
496032
496074
496075
496076
496077
496078
496082
496084
496087
496088
496601
496602
496604
496610
496617
496626
496627
496628
496629
496637
496638
496640
496642
496645
496646
496650
496651
496652
496654
496657
496659
496663
496664
496665
496670
496671
496672
496696
497013
497040
497045
497049
497055
497059
497067
497099
497141
497160
497190
497202
497203
497207
497301
497306
497374
497401
497407
497413
497471
497490
497500
497518
497527
497531
497538
497556
497561
497562
497589
497592
497593
497600
497604
497608
497611
497655
497670
497671
497680
497696
497762
497767
497783
497804
497807
497810
497813
497814
497822
497840
497871
497874
497940
497946
497947
497951
497958
497991
497992
498000
498001
498003
498005
498007
498022
498077
498078
498079
498098
498401
498403
498404
498406
498407
498446
498452
498453
498454
498455
498456
498460
498461
498463
498464
498465
498466
498475
498499
498505
498513
498557
498605
498611
498660
498808
498818
498843
498858
498859
498861
498862
498865
498867
498872
498882
498885
498887
498892
498899
499140
499161
499168
499181
499824
499825
499826
499828
499830
499833
499839
499840
499885
499888
499897
499913
499940
499947
499948
499949
499990
499991
499995
499997
500000
500050
500460
501030
501036
501048
501124
502031
502107
502286
502305
503147
503225
503706
504536
504563
504627
504930
504994
505041
505340
505600
505601
505602
505603
505616
505730
505739
506202
506245
506265
506302
507719
508242
510000
510008
510020
510021
510022
510027
510069
510073
510101
510103
510183
510197
510199
510203
510204
510207
510209
510241
510242
510250
510267
510285
510318
510321
510328
510349
510361
510367
510377
510392
510393
510396
510554
510555
510565
510576
510579
510594
510629
510651
510690
510705
510714
510732
510733
510774
510782
510792
510805
510808
510818
510840
510848
510872
510895
510906
510911
510920
510921
510933
510942
510943
510953
510962
510982
510993
510996
511013
511015
511017
511021
511024
511097
511122
511135
511142
511144
511165
511168
511182
511186
511196
511199
511235
511263
511271
511280
511317
511329
511334
511368
511373
511375
511376
511379
511386
511390
511392
511393
511398
511403
511406
511408
511409
511412
511414
511419
511425
511449
511474
511476
511516
511526
511559
511816
511821
511842
511858
511897
511951
511973
511993
512025
512026
512027
512029
512043
512048
512067
512068
512075
512094
512107
512108
512174
512206
512207
512209
512254
512256
512257
512259
512276
512280
512299
512300
512313
512314
512326
512329
512330
512350
512357
512370
512376
512380
512398
512406
512410
512417
512433
512461
512487
512648
512666
512684
512709
512723
512731
512737
512742
512745
512755
512774
512786
512795
512797
512809
512811
512823
512951
512976
512992
513022
513038
513039
513101
513104
513106
513124
513141
513143
513154
513178
513198
513262
513264
513267
513268
513283
513410
513536
513541
513606
513624
513644
513659
513691
513695
513698
513767
513904
514000
514006
514007
514012
514013
514021
514022
514024
514135
514138
514184
514201
514204
514215
514216
514217
514225
514230
514231
514239
514258
514309
514327
514356
514393
514400
514401
514402
514460
514478
514486
514500
514503
514525
514531
514544
514547
514554
514587
514597
514603
514609
514610
514616
514639
514655
514685
514704
514725
514735
514737
514741
514750
514754
514755
514756
514759
514760
514777
514862
514868
514873
514874
514879
514887
514888
514891
514893
514900
514909
514920
514922
514923
514937
514942
514943
514944
514953
514955
514956
514981
514982
514989
515018
515034
515063
515068
515069
515071
515089
515105
515109
515158
515163
515184
515222
515226
515227
515237
515241
515252
515254
515326
515334
515394
515403
515412
515433
515438
515462
515463
515478
515489
515559
515563
515575
515578
515583
515590
515592
515593
515597
515598
515599
515618
515619
515625
515631
515658
515663
515666
515701
515714
515735
515806
515811
515816
515831
515834
515861
516319
516320
516327
516371
516401
516405
516576
516681
516690
517063
517093
517184
517545
517549
517552
517564
517572
517576
517599
517668
517669
517691
517695
517712
517715
517720
517721
517747
517759
517760
517771
517781
517784
517793
517795
517800
517805
517844
517861
517869
517871
517873
517885
517900
517904
517909
517926
517940
517945
517962
517980
517996
517997
518004
518030
518043
518061
518101
518115
518127
518139
518140
518144
518145
518146
518172
518174
518186
518187
518189
518204
518214
518276
518284
518286
518301
518304
518310
518322
518337
518338
518369
518400
518435
518438
518439
518443
518445
518454
518477
518493
518501
518514
518530
518541
518542
518624
518652
518665
518668
518675
518676
518693
518697
518716
518720
518748
518752
518757
518761
518767
518769
518791
518801
518807
518818
518841
518842
518845
518851
518853
518858
518863
518865
518877
518887
518892
518899
518913
518919
518920
518931
518949
518964
519095
519123
519133
519180
519186
519229
519269
519280
519285
519322
519334
519353
519381
519382
519391
519394
519395
519397
519398
519419
519493
519497
519517
519667
519670
519709
519712
519743
519946
519965
519995
519996
520001
520002
520005
520021
520024
520026
520027
520049
520051
520052
520054
520055
520056
520057
520068
520079
520087
520094
520114
520116
520118
520122
520130
520133
520139
520145
520160
520182
520183
520185
520213
520221
520298
520342
520345
520361
520393
520406
520416
520500
520502
520552
520569
520577
520583
520607
520608
520611
520612
520629
520638
520639
520649
520659
520661
520667
520678
520693
520694
520695
520698
520805
520828
520881
520901
520942
520953
520981
520991
520999
521044
521134
521146
521148
521150
521221
521309
521311
521317
521325
521331
521332
521339
521345
521373
521402
521444
521531
521633
521679
521789
521842
521849
521853
521878
521892
522078
522083
522100
522130
522146
522147
522168
522172
522174
522195
522213
522221
522226
522232
522236
522276
522277
522279
522300
522488
522498
522696
522716
522761
522832
522840
522849
522879
522944
522967
522977
522982
522990
523001
523045
523203
523224
523225
523226
523227
523228
523252
523253
523254
523255
523256
523264
523279
523285
523295
523320
523400
523573
523585
523587
523592
523694
523722
523772
523775
523827
523835
523850
523858
523887
523905
523921
523946
523995
524002
524016
524027
524034
524038
524043
524048
524049
524054
524085
524204
524206
524208
524308
524315
524316
524337
524347
524363
524366
524377
524385
524613
524707
524711
524720
524721
524739
524805
524837
524886
524888
524896
524936
525011
525014
525036
525083
525252
525255
525266
525268
525303
525307
525400
525402
525403
525424
525478
525483
525500
525501
525502
525590
525591
525606
525610
525615
525618
525636
525650
525656
525663
525664
525678
525733
525754
525797
525843
525880
525881
525887
525890
525892
525893
525894
525895
525897
525898
525983
525989
525992
525995
526021
526031
526036
526063
526074
526218
526219
526221
526222
526223
526224
526225
526226
526227
526228
526229
526264
526265
526340
526344
526345
526346
526349
526389
526404
526424
526429
526430
526451
526456
526485
526489
526493
526614
526624
526631
526703
526719
526739
526751
526801
526803
526806
526823
526825
526835
526845
526862
526894
526914
526982
527215
527395
527424
527434
527499
527500
527505
527513
527514
527515
527517
527518
527528
527552
527573
527600
527611
527614
527618
527750
527885
527933
527934
527948
527951
528007
528008
528021
528034
528035
528061
528074
528080
528083
528209
528212
528234
528314
528427
528516
528595
528615
528627
528630
528682
528689
528700
528707
528713
528714
528715
528716
528722
528723
528725
528726
528730
528746
528749
528750
528751
528757
528803
528804
528805
528813
528837
528841
528843
528844
528851
528852
528866
528868
528875
528877
528889
528891
528896
528910
528924
528942
528947
528975
529000
529001
529017
529023
529027
529028
529060
529081
529088
529091
529093
529107
529115
529129
529149
529164
529204
529265
529275
529358
529434
529443
529465
529605
529744
529911
529936
529947
529953
530000
530002
530021
530026
530045
530048
530056
530088
530098
530123
530124
530126
530127
530128
530222
530300
530310
530311
530313
530315
530327
530330
530332
530340
530350
530371
530372
530373
530470
530560
530589
530706
530709
530756
530758
530761
530785
530787
530798
530804
530814
530817
530833
530844
530862
530897
530899
530902
530904
530908
530978
531000
531001
531002
531045
531050
531054
531058
531069
531103
531106
531108
531109
531112
531115
531159
531160
531171
531242
531250
531251
531258
531260
531261
531262
531265
531266
531289
531307
531330
531355
531420
531444
531445
531556
531632
531635
531636
531681
531700
531703
531751
531808
531862
531868
531896
531904
531990
532220
532221
532234
532239
532318
532350
532351
532372
532374
532379
532407
532488
532502
532533
532561
532569
532610
532624
532900
532901
532902
532903
532904
532905
532906
532912
532926
532953
532990
533225
533248
533277
533278
533352
533400
533410
533470
533471
533472
533473
533474
533475
533490
533491
533514
533873
533875
533955
533970
533981
533997
534026
534106
534125
534126
534165
534185
534201
534203
534207
534211
534225
534235
534248
534268
534554
534717
534740
534765
534875
534926
534947
535055
535316
535875
535939
535943
536103
536165
536218
536219
536224
536225
536226
536227
536229
536240
536256
536556
536597
536830
536990
536991
536993
536994
537008
537110
537146
537160
537167
537170
537172
537600
537620
537801
537830
538825
539028
539033
539364
539365
539612
539614
539618
539620
539642
539644
539647
539655
539656
539672
539674
539678
539680
539682
539685
539700
539709
539738
539763
539820
539832
539840
539841
539842
539843
539848
539855
539856
539857
539860
539863
539870
539871
539880
539882
539883
539901
539902
539904
539905
539909
539916
539917
539919
539975
540019
540022
540041
540043
540051
540054
540060
540075
540079
540083
540086
540095
540105
540112
540114
540115
540120
540123
540126
540131
540132
540137
540139
540140
540141
540158
540163
540168
540172
540178
540183
540185
540197
540205
540207
540219
540231
540232
540260
540267
540272
540277
540278
540283
540291
540309
540310
540313
540315
540324
540325
540327
540340
540341
540361
540385
540400
540404
540416
540421
540424
540430
540438
540440
540445
540446
540448
540453
540456
540463
540466
540476
540477
540486
540490
540494
540501
540533
540594
540596
540598
540601
540625
540627
540628
540633
540647
540648
540653
540665
540671
540673
540681
540692
540698
540704
540707
540722
540727
540730
540734
540736
540745
540771
540775
540780
540788
540789
540790
540791
540792
540798
540800
540801
540817
540827
540839
540845
540876
540895
540933
540935
540936
540941
540948
540950
540952
540956
540977
540979
540996
540997
540998
541004
541005
541007
541009
541012
541014
541018
541037
541039
541042
541043
541049
541051
541053
541057
541058
541065
541080
541087
541101
541116
541117
541140
541142
541153
541155
541193
541195
541196
541200
541202
541203
541216
541221
541231
541239
541240
541253
541254
541256
541278
541286
541288
541290
541292
541295
541301
541303
541308
541327
541330
541336
541337
541343
541349
541368
541376
541413
541441
541453
541461
541478
541480
541484
541489
541490
541507
541515
541530
541541
541547
541551
541555
541590
541592
541599
541602
541603
541621
541625
541630
541655
541657
541665
541700
541711
541712
541716
541738
541763
541772
541775
541822
541826
541827
541828
541829
541830
541848
541850
541853
541854
541869
541887
541931
541941
541948
541968
541970
541972
541974
542000
542010
542020
542037
542039
542042
542076
542096
542116
542131
542133
542143
542146
542183
542188
542195
542217
542223
542226
542241
542243
542256
542258
542270
542271
542280
542298
542311
542331
542344
542345
542362
542366
542379
542403
542418
542422
542425
542426
542428
542432
542433
542442
542470
542477
542492
542497
542498
542502
542526
542532
542534
542537
542539
542541
542555
542568
542576
542599
542615
542622
542648
542722
542731
542750
542752
542766
542775
542807
542820
542844
542851
542879
542937
542964
542965
542977
542978
543004
543009
543016
543031
543069
543073
543079
543090
543143
543148
543150
543189
543193
543203
543221
543225
543235
543240
543267
543284
543288
543295
543296
543305
543328
543330
543336
543339
543352
543357
543360
543362
543369
543389
543409
543421
543426
543429
543440
543445
543448
543458
543460
543464
543468
543470
543472
543474
543480
543482
543484
543495
543505
543555
543556
543568
543573
543590
543610
543612
543614
543622
543639
543666
543667
543668
543696
543699
543700
543701
543703
543710
543781
543784
543785
543805
543821
543825
543840
543841
543848
543857
543888
543891
543933
543940
543955
543960
543963
543964
543965
543989
543997
544014
544019
544038
544045
544053
544056
544059
544077
544114
544129
544130
544138
544160
544162
544183
544184
544196
544197
544200
544204
544225
544248
544259
544260
544262
544264
544282
544287
544297
544310
544330
544336
544341
544348
544351
544359
544368
544375
544376
544390
544391
544400
544417
544448
544493
544513
544514
544546
544548
544549
544550
544551
544552
544565
544566
544579
544584
544595
544602
544612
544643
544654
544665
544672
544687
544713
544717
544718
544719
544728
544792
544801
544829
544839
544842
544856
544859
544862
544863
544868
544871
544883
544888
544898
544910
544911
544917
544918
544923
544927
544928
544930
544951
544961
544964
544969
544972
544974
545039
545053
545085
545094
545140
545146
545178
545186
545198
545210
545236
545237
545240
545241
545242
545243
545248
545255
545260
545270
545293
545294
545302
545307
545313
545315
545337
545340
545365
545375
545376
545401
545436
545460
545480
545482
545488
545504
545510
545526
545528
545529
545530
545534
545536
545555
545577
545578
545600
545603
545606
545631
545659
545712
545715
545730
545749
545756
545795
545796
545797
545799
545800
545813
545815
545818
545822
545834
545846
545875
545883
545884
545886
545887
545888
545889
545890
545940
545941
545958
545962
545977
546002
546010
546054
546063
546064
546097
546102
546126
546133
546134
546139
546146
546155
546165
546174
546188
546192
546208
546213
546232
546253
546264
546281
546283
546295
546301
546311
546314
546334
546367
546369
546379
546386
546398
546400
546404
546424
546427
546429
546431
546451
546452
546466
546503
546504
546505
546506
546528
546538
546540
546544
546571
546604
546611
546613
546615
546616
546626
546630
546632
546634
546637
546638
546641
546646
546647
546649
546651
546653
546655
546657
546661
546663
546672
546674
546675
546676
546680
546685
546689
546690
546694
546695
546700
546702
546704
546710
546711
546714
546759
546791
546795
546798
546801
546802
546804
546813
546827
546837
546838
546853
546884
546885
546899
546938
547005
547006
547008
547015
547028
547041
547042
547046
547048
547049
547050
547051
547057
547059
547062
547066
547067
547068
547072
547074
547075
547076
547077
547078
547079
547080
547084
547085
547086
547087
547088
547092
547093
547094
547095
547096
547097
547098
547102
547106
547111
547112
547119
547129
547130
547131
547132
547133
547136
547140
547142
547143
547145
547146
547147
547155
547156
547157
547160
547162
547167
547169
547181
547195
547196
547211
547218
547221
547233
547244
547250
547252
547279
547305
547315
547325
547336
547347
547357
547363
547369
547370
547380
547386
547406
547407
547415
547428
547452
547463
547464
547484
547487
547489
547492
547497
547499
547512
547514
547565
547584
547586
547591
547592
547600
547609
547615
547626
547641
547662
547682
547685
547725
547727
547732
547736
547746
547753
547777
547786
547787
547795
547807
547821
547824
547877
547890
547899
547905
547979
548001
548006
548009
548011
548012
548013
548014
548017
548018
548029
548030
548031
548032
548040
548041
548042
548043
548066
548102
548135
548140
548194
548212
548213
548230
548231
548232
548234
548236
548253
548254
548258
548264
548275
548282
548284
548290
548293
548310
548320
548325
548327
548339
548340
548341
548346
548348
548352
548374
548441
548503
548590
548591
548622
548649
548650
548659
548661
548696
548699
548775
548813
548815
548826
548834
548851
548853
548864
548865
548876
548877
548878
548879
548884
548885
548892
548897
548901
548904
548905
548906
548912
548913
548914
548915
548919
548925
548927
548928
548936
548955
548982
548985
549001
549003
549008
549033
549035
549041
549050
549062
549084
549085
549087
549091
549092
549095
549096
549097
549099
549100
549101
549103
549104
549105
549106
549107
549109
549110
549113
549114
549120
549122
549123
549128
549130
549138
549139
549143
549144
549148
549149
549150
549151
549154
549157
549158
549159
549161
549162
549165
549167
549169
549171
549175
549182
549190
549191
549193
549194
549195
549196
549197
549198
549199
549214
549409
549428
549464
549477
549558
549567
549631
549639
549701
549708
549745
549748
549766
549784
549823
549863
549880
549936
549937
549938
549939
549944
549945
549949
549958
550011
550018
550020
550028
550075
550138
550163
550430
550727
550728
550745
550755
550770
550779
550844
550850
550860
550881
550886
550889
550890
550909
550914
550931
550933
550934
550935
550961
550988
550994
551008
551010
551011
551039
551044
551046
551070
551072
551081
551109
551152
551163
551164
551167
551168
551184
551185
551189
551238
551262
551290
551298
551301
551340
551342
551367
551384
551385
551392
551424
551426
551481
551566
551569
551572
551614
551628
551630
551640
551641
551644
551679
551683
551686
551687
551697
551706
551750
551776
551828
551835
551861
551878
551896
551915
551931
551959
551966
551980
551988
552000
552001
552003
552030
552033
552041
552056
552070
552072
552073
552081
552085
552090
552091
552102
552128
552130
552145
552152
552157
552162
552176
552187
552188
552195
552200
552213
552225
552234
552236
552251
552256
552262
552263
552269
552273
552289
552301
552303
552305
552306
552308
552313
552314
552318
552319
552321
552336
552337
552410
552437
552447
552448
552450
552451
552454
552455
552457
552475
552478
552481
552486
552488
552489
552490
552492
552496
552497
552526
552530
552561
552609
552614
552632
552640
552686
552689
552691
552699
552710
552751
552767
552788
552815
552822
552830
552832
552840
552841
552851
552862
552885
552952
552973
552976
553108
553124
553166
553258
553390
553401
553425
553448
553620
553625
553626
553630
553636
553643
553650
553653
553654
553656
553670
553675
553680
553681
553693
553694
553700
553705
553741
553743
553744
553748
553772
553785
553808
553822
553841
553852
553853
553894
553935
553981
553985
553987
553988
554001
554002
554003
554010
554016
554025
554040
554041
554052
554053
554054
554055
554061
554062
554198
554206
554207
554265
554285
554303
554307
554314
554327
554328
554329
554331
554339
554356
554367
554376
554390
554417
554426
554444
554445
554446
554453
554455
554482
554484
554490
554492
554501
554510
554512
554514
554519
554544
554574
554577
554608
554609
554610
554612
554616
554628
554629
554637
554671
554764
554765
554782
554785
554851
554878
554900
554902
554904
554905
554909
554911
554921
554922
554923
554927
554933
554935
554938
554941
554942
554943
554962
554983
554986
554997
554999
555236
556225
556300
556320
556665
556708
556745
556750
556752
556896
556900
556905
556907
556909
556926
556939
556954
556965
557005
557009
557127
557132
557133
557134
557135
557136
557237
557251
557268
557281
557361
557551
557566
557611
557619
557621
557683
557805
557836
557892
557905
557906
557907
557908
557909
557910
557920
557921
557922
557923
557924
558000
558087
558090
558097
558098
558099
558110
558111
558112
558115
558118
558131
558133
558141
558144
558158
558170
558173
558174
558210
558221
558234
558250
558293
558418
558426
558530
558668
558674
558739
558772
558781
558784
558800
558821
558828
558832
558837
558845
558846
558857
558858
558859
558861
558862
558863
558877
558879
558880
558955
558962
558967
558987
559033
559034
559037
559040
559209
559309
559400
559414
559436
560572
560756
566450
567651
568012
568186
569639
575209
575241
575688
579450
579451
579452
581461
581822
583056
583370
584441
587174
588081
588701
588703
588771
588772
588832
588896
589164
589428
589617
589624
589661
589697
589741
589751
589888
591250
592498
598008
598022
598030
600000
601038
601100
601120
601130
601131
601136
601326
601840
602685
602923
603395
603745
606111
610000
619000
626014
627636
630000
637480
642648
650000
652001
652002
652003
652004
652005
652006
652007
659000
710000
719000
730300
730305
759000
774476
790780
810000
819000
821455
848813
850000
850101
854809
854819
854825
854828
854829
854840
854858
854859
854873
854897
854899
859000
859847
864628
881100
881140